5.000000E+01
 5.000125E+01
 5.000167E+01
 5.000125E+01
 5.000000E+01
 6.804875E+01
 4.999500E+01
 4.999125E+01
 6.170525E+01
 4.998125E+01
 5.946596E+01
 4.996792E+01
 5.793165E+01
 4.995127E+01
 5.681070E+01
 4.993128E+01
 4.992004E+01
 5.559297E+01
 4.989508E+01
 4.988135E+01
 5.471220E+01
 4.985141E+01
 4.983519E+01
 5.403677E+01
 4.980029E+01
 5.366354E+01
 4.976207E+01
 5.333545E+01
 4.972057E+01
 4.969858E+01
 5.290717E+01
 4.965214E+01
 5.265417E+01
 5.253547E+01
 5.242126E+01
 4.954942E+01
 5.220462E+01
 5.210142E+01
 5.200121E+01
 4.943365E+01
 5.180859E+01
 4.937089E+01
 5.162481E+01
 4.930489E+01
 5.144823E+01
 4.923567E+01
 4.919985E+01
 4.916323E+01
 4.912581E+01
 4.908759E+01
 4.904857E+01
 4.900876E+01
 5.079045E+01
 5.071185E+01
 5.063377E+01
 4.884156E+01
 4.879779E+01
 4.875323E+01
 5.032529E+01
 5.024885E+01
 4.861485E+01
 5.009643E+01
 4.851869E+01
 4.846945E+01
 4.986836E+01
 4.979234E+01
 4.971626E+01
 4.826477E+01
 4.956382E+01
 4.815782E+01
 4.810321E+01
 4.804783E+01
 4.925709E+01
 4.793481E+01
 4.787717E+01
 4.902474E+01
 4.775964E+01
 4.886848E+01
 4.763913E+01
 4.757776E+01
 4.751565E+01
 4.745281E+01
 4.738923E+01
 4.732492E+01
 4.831109E+01
 4.822999E+01
 4.712762E+01
 4.706041E+01
 4.699248E+01
 4.790148E+01
 4.685448E+01
 4.773467E+01
 4.765061E+01
 4.664216E+01
 4.748113E+01
 4.739570E+01
 4.730982E+01
 4.722346E+01
 4.713664E+01
 4.619862E+01
 4.696156E+01
 4.687331E+01
 4.678457E+01
 4.588919E+01
 4.660563E+01
 4.573043E+01
 4.642473E+01
 4.633355E+01
 4.624186E+01
 4.540492E+01
 4.605701E+01
 4.523823E+01
 4.587016E+01
 4.506895E+01
 4.568132E+01
 4.489711E+01
 4.549049E+01
 4.472273E+01
 4.463459E+01
 4.454583E+01
 4.445645E+01
 4.500465E+01
 4.490599E+01
 4.418462E+01
 4.409280E+01
 4.400036E+01
 4.390733E+01
 4.381370E+01
 4.371948E+01
 4.362467E+01
 4.352927E+01
 4.343330E+01
 4.389228E+01
 4.378822E+01
 4.368369E+01
 4.304364E+01
 4.294481E+01
 4.284542E+01
 4.326078E+01
 4.315387E+01
 4.254393E+01
 4.244234E+01
 4.234021E+01
 4.223754E+01
 4.261235E+01
 4.203062E+01
 4.192636E+01
 4.182159E+01
 4.171630E+01
 4.205942E+01
 4.150419E+01
 4.183513E+01
 4.129005E+01
 4.118224E+01
 4.107394E+01
 4.096514E+01
 4.126682E+01
 4.115188E+01
 4.103652E+01
 4.052517E+01
 4.080456E+01
 4.030235E+01
 4.019026E+01
 4.007771E+01
 4.033576E+01
 3.985125E+01
 4.009898E+01
 3.962303E+01
 3.950827E+01
 3.974090E+01
 3.927746E+01
 3.916142E+01
 3.937943E+01
 3.892809E+01
 3.913660E+01
 3.901465E+01
 3.889234E+01
 3.845658E+01
 3.833771E+01
 3.852332E+01
 3.809883E+01
 3.827560E+01
 3.815124E+01
 3.802655E+01
 3.761657E+01
 3.777620E+01
 3.737326E+01
 3.725108E+01
 3.739831E+01
 3.700568E+01
 3.714486E+01
 3.675894E+01
 3.689021E+01
 3.651088E+01
 3.663441E+01
 3.650609E+01
 3.613641E+01
 3.601097E+01
 3.611949E+01
 3.575920E+01
 3.586043E+01
 3.550625E+01
 3.537936E+01
 3.546993E+01
 3.533928E+01
 3.520838E+01
 3.486903E+01
 3.494590E+01
 3.461229E+01
 3.448354E+01
 3.455049E+01
 3.422531E+01
 3.409584E+01
 3.396613E+01
 3.402032E+01
 3.370605E+01
 3.375405E+01
 3.362063E+01
 3.348703E+01
 3.335325E+01
 3.305209E+01
 3.292070E+01
 3.278912E+01
 3.281645E+01
 3.252539E+01
 3.254709E+01
 3.226097E+01
 3.227715E+01
 3.214197E+01
 3.200665E+01
 3.187121E+01
 3.173564E+01
 3.146381E+01
 3.146414E+01
 3.119693E+01
 3.119219E+01
 3.092952E+01
 3.079564E+01
 3.078351E+01
 3.064710E+01
 3.039330E+01
 3.025897E+01
 3.012455E+01
 3.010065E+01
 2.996385E+01
 2.972074E+01
 2.969008E+01
 2.955311E+01
 2.931621E+01
 2.918123E+01
 2.904618E+01
 2.891108E+01
 2.877593E+01
 2.864073E+01
 2.859315E+01
 2.837020E+01
 2.823489E+01
 2.809954E+01
 2.804408E+01
 2.790680E+01
 2.769336E+01
 2.755794E+01
 2.749498E+01
 2.735773E+01
 2.715165E+01
 2.708330E+01
 2.688081E+01
 2.680898E+01
 2.661003E+01
 2.653481E+01
 2.633934E+01
 2.626082E+01
 2.606878E+01
 2.598704E+01
 2.585025E+01
 2.566327E+01
 2.552820E+01
 2.544028E+01
 2.530377E+01
 2.516735E+01
 2.498854E+01
 2.485381E+01
 2.475863E+01
 2.462259E+01
 2.448664E+01
 2.435081E+01
 2.421509E+01
 2.407949E+01
 2.391313E+01
 2.380864E+01
 2.367341E+01
 2.353831E+01
 2.340335E+01
 2.324442E+01
 2.313386E+01
 2.299933E+01
 2.286495E+01
 2.273074E+01
 2.259668E+01
 2.244629E+01
 2.231378E+01
 2.218143E+01
 2.204925E+01
 2.192894E+01
 2.178538E+01
 2.166310E+01
 2.153047E+01
 2.139803E+01
 2.126579E+01
 2.112882E+01
 2.100193E+01
 2.087031E+01
 2.073717E+01
 2.060772E+01
 2.047675E+01
 2.034736E+01
 2.021785E+01
 2.008523E+01
 1.995518E+01
 1.983066E+01
 1.969582E+01
 1.956651E+01
 1.944554E+01
 1.930864E+01
 1.919000E+01
 1.906260E+01
 1.892377E+01
 1.879601E+01
 1.868192E+01
 1.854131E+01
 1.841438E+01
 1.830361E+01
 1.816135E+01
 1.803527E+01
 1.790948E+01
 1.780304E+01
 1.767860E+01
 1.753389E+01
 1.743060E+01
 1.730704E+01
 1.716104E+01
 1.703738E+01
 1.691404E+01
 1.681584E+01
 1.666832E+01
 1.654594E+01
 1.642390E+01
 1.632964E+01
 1.618081E+01
 1.608848E+01
 1.596839E+01
 1.584864E+01
 1.572922E+01
 1.561014E+01
 1.545975E+01
 1.534080E+01
 1.525498E+01
 1.510399E+01
 1.501996E+01
 1.490298E+01
 1.478636E+01
 1.467011E+01
 1.455422E+01
 1.443870E+01
 1.432355E+01
 1.417149E+01
 1.409437E+01
 1.398035E+01
 1.382809E+01
 1.375345E+01
 1.360112E+01
 1.352810E+01
 1.341601E+01
 1.326366E+01
 1.315197E+01
 1.308211E+01
 1.297161E+01
 1.286151E+01
 1.275182E+01
 1.264254E+01
 1.249052E+01
 1.242521E+01
 1.231716E+01
 1.216544E+01
 1.210233E+01
 1.199554E+01
 1.184422E+01
 1.173801E+01
 1.163224E+01
 1.152690E+01
 1.146801E+01
 1.131755E+01
 1.121354E+01
 1.110997E+01
 1.105379E+01
 1.095133E+01
 1.080197E+01
 1.074776E+01
 1.064664E+01
 1.054597E+01
 1.039765E+01
 1.034598E+01
 1.019824E+01
 1.014782E+01
 1.004942E+01
 9.951479E+00
 9.804993E+00
 9.756988E+00
 9.611181E+00
 9.564354E+00
 9.468738E+00
 9.324010E+00
 9.229238E+00
 9.184706E+00
 9.041129E+00
 8.997715E+00
 8.854944E+00
 8.762576E+00
 8.670692E+00
 8.629452E+00
 8.488383E+00
 8.397961E+00
 8.358301E+00
 8.268885E+00
 8.179954E+00
 8.041174E+00
 7.953208E+00
 7.865738E+00
 7.778762E+00
 7.742624E+00
 7.606302E+00
 7.520819E+00
 7.435835E+00
 7.401608E+00
 7.317591E+00
 7.234070E+00
 7.151046E+00
 7.018432E+00
 6.936460E+00
 6.854992E+00
 6.823939E+00
 6.743413E+00
 6.613623E+00
 6.534180E+00
 6.455244E+00
 6.376817E+00
 6.348317E+00
 6.270809E+00
 6.144587E+00
 6.068197E+00
 6.041317E+00
 5.965831E+00
 5.890852E+00
 5.767741E+00
 5.693906E+00
 5.668960E+00
 5.596011E+00
 5.475471E+00
 5.451639E+00
 5.332411E+00
 5.261650E+00
 5.238897E+00
 5.169001E+00
 5.099614E+00
 4.983736E+00
 4.962370E+00
 4.894512E+00
 4.827163E+00
 4.714033E+00
 4.693994E+00
 4.628174E+00
 4.517142E+00
 4.498062E+00
 4.388444E+00
 4.324863E+00
 4.261795E+00
 4.199238E+00
 4.137192E+00
 4.075658E+00
 4.058694E+00
 3.954121E+00
 3.894118E+00
 3.878010E+00
 3.818795E+00
 3.760086E+00
 3.701883E+00
 3.644185E+00
 3.544785E+00
 3.530302E+00
 3.432400E+00
 3.376966E+00
 3.322037E+00
 3.267612E+00
 3.213691E+00
 3.160273E+00
 3.107357E+00
 3.054943E+00
 3.042686E+00
 2.991005E+00
 2.939821E+00
 2.889134E+00
 2.838941E+00
 2.750946E+00
 2.740040E+00
 2.653589E+00
 2.643111E+00
 2.595384E+00
 2.548147E+00
 2.464796E+00
 2.455140E+00
 2.373345E+00
 2.364083E+00
 2.319283E+00
 2.239824E+00
 2.196288E+00
 2.187784E+00
 2.144914E+00
 2.068578E+00
 2.026969E+00
 1.985840E+00
 1.978224E+00
 1.905012E+00
 1.897734E+00
 1.826085E+00
 1.819135E+00
 1.749048E+00
 1.711235E+00
 1.673891E+00
 1.637014E+00
 1.600602E+00
 1.564654E+00
 1.558778E+00
 1.494147E+00
 1.488556E+00
 1.425479E+00
 1.420165E+00
 1.386652E+00
 1.325899E+00
 1.320984E+00
 1.261777E+00
 1.230390E+00
 1.225854E+00
 1.168957E+00
 1.164664E+00
 1.134732E+00
 1.080136E+00
 1.076190E+00
 1.047575E+00
 9.952661E-01
 9.916502E-01
 9.643366E-01
 9.143023E-01
 9.109986E-01
 8.624727E-01
 8.593675E-01
 8.341875E-01
 8.094289E-01
 7.638991E-01
 7.611684E-01
 7.376628E-01
 6.943603E-01
 6.720071E-01
 6.500639E-01
 6.477607E-01
 6.073995E-01
 6.052551E-01
 5.663515E-01
 5.643590E-01
 5.445097E-01
 5.250568E-01
 5.059983E-01
 4.706981E-01
 4.527455E-01
 4.511694E-01
 4.336684E-01
 4.012065E-01
 3.998170E-01
 3.834625E-01
 3.531018E-01
 3.518852E-01
 3.366582E-01
 3.083739E-01
 3.073169E-01
 2.804025E-01
 2.794447E-01
 2.538887E-01
 2.530244E-01
 2.288146E-01
 2.280383E-01
 2.160776E-01
 2.044688E-01
 1.829145E-01
 1.822981E-01
 1.717317E-01
 1.521355E-01
 1.425582E-01
 1.333183E-01
 1.244134E-01
 1.239983E-01
 1.075995E-01
 1.072417E-01
 9.209792E-02
 9.179270E-02
 8.455275E-02
 7.126527E-02
 7.103026E-02
 5.896246E-02
 5.876866E-02
 5.310480E-02
 4.283924E-02
 4.269912E-02
 3.795255E-02
 2.945586E-02
 2.559238E-02
 2.202371E-02
 2.195226E-02
 1.576109E-02
 1.306229E-02
 1.064859E-02
 1.061426E-02
 6.666713E-03
 6.645294E-03
 5.077318E-03
 2.771056E-03
 2.762196E-03
 2.010165E-03
 1.525224E-03
 1.304923E-03
 1.346808E-03
 2.214316E-03
 3.030576E-03
 4.099969E-03
 5.420017E-03
 5.402933E-03
 8.802157E-03
 8.774499E-03
 1.315713E-02
 1.569322E-02
 1.564414E-02
 1.840740E-02
 2.140322E-02
 2.817019E-02
 2.808263E-02
 3.577338E-02
 3.990743E-02
 4.425980E-02
 4.412309E-02
 5.360952E-02
 5.860190E-02
 5.842172E-02
 6.360676E-02
 7.481918E-02
 8.063003E-02
 8.038365E-02
 8.637494E-02
 9.924306E-02
 9.894118E-02
 1.055112E-01
 1.195746E-01
 1.267222E-01
 1.340507E-01
 1.336461E-01
 1.492411E-01
 1.487919E-01
 1.651260E-01
 1.733228E-01
 1.728035E-01
 1.902126E-01
 1.896444E-01
 1.983075E-01
 2.167513E-01
 2.259088E-01
 2.252380E-01
 2.345205E-01
 2.439517E-01
 2.640304E-01
 2.632509E-01
 2.839521E-01
 2.941197E-01
 2.932553E-01
 3.035287E-01
 3.139339E-01
 3.244688E-01
 3.469298E-01
 3.459176E-01
 3.568269E-01
 3.678562E-01
 3.790033E-01
 3.902657E-01
 4.016411E-01
 4.131272E-01
 4.247216E-01
 4.495208E-01
 4.614588E-01
 4.734960E-01
 4.856302E-01
 4.978591E-01
 4.964336E-01
 5.087217E-01
 5.210996E-01
 5.335652E-01
 5.603434E-01
 5.730923E-01
 5.859200E-01
 5.988242E-01
 6.118027E-01
 6.100732E-01
 6.230894E-01
 6.511618E-01
 6.493288E-01
 6.777322E-01
 6.911101E-01
 6.891728E-01
 7.025747E-01
 7.315886E-01
 7.451892E-01
 7.431121E-01
 7.567279E-01
 7.703919E-01
 7.841020E-01
 7.978561E-01
 8.116520E-01
 8.416846E-01
 8.393612E-01
 8.696069E-01
 8.672130E-01
 8.811873E-01
 8.951911E-01
 9.258142E-01
 9.399298E-01
 9.373599E-01
 9.682234E-01
 9.823976E-01
 9.965874E-01
 9.938774E-01
 1.025006E+00
 1.022226E+00
 1.053464E+00
 1.067702E+00
 1.064819E+00
 1.079027E+00
 1.110436E+00
 1.107449E+00
 1.121658E+00
 1.153156E+00
 1.167384E+00
 1.164261E+00
 1.178446E+00
 1.210009E+00
 1.206785E+00
 1.220934E+00
 1.235067E+00
 1.266636E+00
 1.280745E+00
 1.294830E+00
 1.308891E+00
 1.305435E+00
 1.319438E+00
 1.333412E+00
 1.364856E+00
 1.361272E+00
 1.375153E+00
 1.389001E+00
 1.420297E+00
 1.416586E+00
 1.447788E+00
 1.444016E+00
 1.457668E+00
 1.471277E+00
 1.484840E+00
 1.515750E+00
 1.511826E+00
 1.542596E+00
 1.538613E+00
 1.569231E+00
 1.582466E+00
 1.578395E+00
 1.608763E+00
 1.604635E+00
 1.634820E+00
 1.630636E+00
 1.660627E+00
 1.656388E+00
 1.669167E+00
 1.698845E+00
 1.694525E+00
 1.723980E+00
 1.719607E+00
 1.748828E+00
 1.761141E+00
 1.756691E+00
 1.785540E+00
 1.781039E+00
 1.793098E+00
 1.805078E+00
 1.816978E+00
 1.845156E+00
 1.856833E+00
 1.868425E+00
 1.863757E+00
 1.875241E+00
 1.902684E+00
 1.897948E+00
 1.925080E+00
 1.936142E+00
 1.947113E+00
 1.942290E+00
 1.968773E+00
 1.979462E+00
 1.990055E+00
 2.000551E+00
 2.010949E+00
 2.006005E+00
 2.016286E+00
 2.041549E+00
 2.036548E+00
 2.046529E+00
 2.056408E+00
 2.080929E+00
 2.075857E+00
 2.099996E+00
 2.109371E+00
 2.104248E+00
 2.113500E+00
 2.122644E+00
 2.131681E+00
 2.140609E+00
 2.149427E+00
 2.158136E+00
 2.180466E+00
 2.188854E+00
 2.183596E+00
 2.191858E+00
 2.200007E+00
 2.208042E+00
 2.229092E+00
 2.223769E+00
 2.244381E+00
 2.239034E+00
 2.259202E+00
 2.266437E+00
 2.273552E+00
 2.280549E+00
 2.275149E+00
 2.282016E+00
 2.288765E+00
 2.295394E+00
 2.301902E+00
 2.320013E+00
 2.326167E+00
 2.332198E+00
 2.338108E+00
 2.332629E+00
 2.338408E+00
 2.344065E+00
 2.360515E+00
 2.365808E+00
 2.370977E+00
 2.365460E+00
 2.380941E+00
 2.385736E+00
 2.390407E+00
 2.394952E+00
 2.399371E+00
 2.403665E+00
 2.407834E+00
 2.402282E+00
 2.406322E+00
 2.410236E+00
 2.423248E+00
 2.426786E+00
 2.421223E+00
 2.424633E+00
 2.427918E+00
 2.439675E+00
 2.442581E+00
 2.445361E+00
 2.448014E+00
 2.450541E+00
 2.452941E+00
 2.455215E+00
 2.457363E+00
 2.459384E+00
 2.453823E+00
 2.463049E+00
 2.457492E+00
 2.466209E+00
 2.467601E+00
 2.468867E+00
 2.463322E+00
 2.471023E+00
 2.465485E+00
 2.466380E+00
 2.473318E+00
 2.467795E+00
 2.468315E+00
 2.474494E+00
 2.474637E+00
 2.474658E+00
 2.474555E+00
 2.474329E+00
 2.468845E+00
 2.473509E+00
 2.468039E+00
 2.467453E+00
 2.466746E+00
 2.465917E+00
 2.469327E+00
 2.463897E+00
 2.462707E+00
 2.461397E+00
 2.463813E+00
 2.462136E+00
 2.456751E+00
 2.454966E+00
 2.456397E+00
 2.451042E+00
 2.451984E+00
 2.449604E+00
 2.447107E+00
 2.444495E+00
 2.439196E+00
 2.436481E+00
 2.433652E+00
 2.432906E+00
 2.429725E+00
 2.426432E+00
 2.423028E+00
 2.419513E+00
 2.414312E+00
 2.412151E+00
 2.408306E+00
 2.404352E+00
 2.400290E+00
 2.395159E+00
 2.391003E+00
 2.387461E+00
 2.382373E+00
 2.378379E+00
 2.373681E+00
 2.368880E+00
 2.363975E+00
 2.358964E+00
 2.353859E+00
 2.348649E+00
 2.343339E+00
 2.338392E+00
 2.332420E+00
 2.327507E+00
 2.321917E+00
 2.315307E+00
 2.310445E+00
 2.304565E+00
 2.297330E+00
 2.292521E+00
 2.286358E+00
 2.278508E+00
 2.272050E+00
 2.265501E+00
 2.258863E+00
 2.254164E+00
 2.245319E+00
 2.240658E+00
 2.231425E+00
 2.224348E+00
 2.217187E+00
 2.212604E+00
 2.202612E+00
 2.198068E+00
 2.190676E+00
 2.180132E+00
 2.172477E+00
 2.168014E+00
 2.156931E+00
 2.149041E+00
 2.144639E+00
 2.133032E+00
 2.128672E+00
 2.116723E+00
 2.108459E+00
 2.100122E+00
 2.095847E+00
 2.087461E+00
 2.074688E+00
 2.070477E+00
 2.057386E+00
 2.053219E+00
 2.044490E+00
 2.035695E+00
 2.026834E+00
 2.017910E+00
 2.003907E+00
 1.999873E+00
 1.990762E+00
 1.976327E+00
 1.972360E+00
 1.963071E+00
 1.948220E+00
 1.938738E+00
 1.934863E+00
 1.925349E+00
 1.909968E+00
 1.900273E+00
 1.890527E+00
 1.880731E+00
 1.870886E+00
 1.860993E+00
 1.857302E+00
 1.847385E+00
 1.831034E+00
 1.827413E+00
 1.817361E+00
 1.807265E+00
 1.790473E+00
 1.780230E+00
 1.776727E+00
 1.766468E+00
 1.756170E+00
 1.745835E+00
 1.735463E+00
 1.725055E+00
 1.707474E+00
 1.704138E+00
 1.693630E+00
 1.683090E+00
 1.672519E+00
 1.661919E+00
 1.643826E+00
 1.633118E+00
 1.622384E+00
 1.611625E+00
 1.608504E+00
 1.590037E+00
 1.579209E+00
 1.568361E+00
 1.565334E+00
 1.554489E+00
 1.535697E+00
 1.532743E+00
 1.513834E+00
 1.502879E+00
 1.499995E+00
 1.489050E+00
 1.478090E+00
 1.467118E+00
 1.456135E+00
 1.436878E+00
 1.425842E+00
 1.423125E+00
 1.412104E+00
 1.401077E+00
 1.381629E+00
 1.379006E+00
 1.367964E+00
 1.356918E+00
 1.345870E+00
 1.326278E+00
 1.315206E+00
 1.304135E+00
 1.293067E+00
 1.290630E+00
 1.270941E+00
 1.268551E+00
 1.248835E+00
 1.246491E+00
 1.226757E+00
 1.215730E+00
 1.204713E+00
 1.193706E+00
 1.191476E+00
 1.171728E+00
 1.169542E+00
 1.158595E+00
 1.147661E+00
 1.136741E+00
 1.117024E+00
 1.106131E+00
 1.095257E+00
 1.084402E+00
 1.082395E+00
 1.062752E+00
 1.051959E+00
 1.050017E+00
 1.030440E+00
 1.019716E+00
 1.017839E+00
 9.983428E-01
 9.876953E-01
 9.858822E-01
 9.664827E-01
 9.647117E-01
 9.453847E-01
 9.436556E-01
 9.244076E-01
 9.227200E-01
 9.122993E-01
 8.931822E-01
 8.828407E-01
 8.812348E-01
 8.622628E-01
 8.520278E-01
 8.418297E-01
 8.316693E-01
 8.215473E-01
 8.200610E-01
 8.014211E-01
 7.914184E-01
 7.814569E-01
 7.800482E-01
 7.616600E-01
 7.602895E-01
 7.504745E-01
 7.322904E-01
 7.309763E-01
 7.129353E-01
 7.116583E-01
 6.937662E-01
 6.842528E-01
 6.747879E-01
 6.653718E-01
 6.641853E-01
 6.466891E-01
 6.455379E-01
 6.282094E-01
 6.270931E-01
 6.179481E-01
 6.008809E-01
 5.998160E-01
 5.908299E-01
 5.740352E-01
 5.730205E-01
 5.641983E-01
 5.476871E-01
 5.467216E-01
 5.304053E-01
 5.218510E-01
 5.133551E-01
 5.049181E-01
 4.965406E-01
 4.882229E-01
 4.799656E-01
 4.717691E-01
 4.709439E-01
 4.555604E-01
 4.475491E-01
 4.396004E-01
 4.317148E-01
 4.238927E-01
 4.231552E-01
 4.084406E-01
 4.077312E-01
 3.932473E-01
 3.925655E-01
 3.850805E-01
 3.776612E-01
 3.636498E-01
 3.630214E-01
 3.558017E-01
 3.486491E-01
 3.351239E-01
 3.281625E-01
 3.275980E-01
 3.144461E-01
 3.076917E-01
 3.071637E-01
 2.943920E-01
 2.878473E-01
 2.873546E-01
 2.808919E-01
 2.686372E-01
 2.623760E-01
 2.619284E-01
 2.557497E-01
 2.440226E-01
 2.380489E-01
 2.376443E-01
 2.263192E-01
 2.259352E-01
 2.148810E-01
 2.092718E-01
 2.089175E-01
 2.033913E-01
 1.979387E-01
 1.875709E-01
 1.823306E-01
 1.820233E-01
 1.720730E-01
 1.670560E-01
 1.667751E-01
 1.572461E-01
 1.524534E-01
 1.521977E-01
 1.474882E-01
 1.385259E-01
 1.382942E-01
 1.296172E-01
 1.294007E-01
 1.210103E-01
 1.208085E-01
 1.166255E-01
 1.125179E-01
 1.084859E-01
 1.008159E-01
 1.006485E-01
 9.684312E-02
 9.311339E-02
 8.945926E-02
 8.251426E-02
 7.908115E-02
 7.572374E-02
 7.244200E-02
 7.232251E-02
 6.912179E-02
 6.305043E-02
 6.294669E-02
 5.716692E-02
 5.433824E-02
 5.158484E-02
 4.890664E-02
 4.630355E-02
 4.622774E-02
 4.132232E-02
 4.125478E-02
 3.888036E-02
 3.658051E-02
 3.225654E-02
 3.220399E-02
 2.816999E-02
 2.812416E-02
 2.619516E-02
 2.259485E-02
 2.088376E-02
 1.924602E-02
 1.921484E-02
 1.765285E-02
 1.477116E-02
 1.474728E-02
 1.215126E-02
 1.094970E-02
 9.820123E-03
 8.762298E-03
 8.748194E-03
 7.763495E-03
 6.849972E-03
 6.007387E-03
 5.235495E-03
 3.909048E-03
 3.902786E-03
 2.854339E-03
 2.431368E-03
 2.427483E-03
 1.792798E-03
 1.789938E-03
 1.574111E-03
 1.349021E-03
 1.336984E-03
 1.334858E-03
 1.514883E-03
 1.512477E-03
 1.701475E-03
 1.956831E-03
 2.669513E-03
 3.122649E-03
 3.117710E-03
 3.635133E-03
 4.217207E-03
 4.863575E-03
 5.573875E-03
 6.347742E-03
 7.184804E-03
 9.061248E-03
 1.008722E-02
 1.007138E-02
 1.232406E-02
 1.353413E-02
 1.351292E-02
 1.613554E-02
 1.752606E-02
 1.897591E-02
 1.894627E-02
 2.045270E-02
 2.367719E-02
 2.536009E-02
 2.710017E-02
 2.705801E-02
 3.075011E-02
 3.070235E-02
 3.462344E-02
 3.456973E-02
 3.658594E-02
 3.865655E-02
 4.078109E-02
 4.526003E-02
 4.519010E-02
 4.747363E-02
 5.227695E-02
 5.219636E-02
 5.721149E-02
 5.712343E-02
 6.234675E-02
 6.498841E-02
 6.488862E-02
 6.757492E-02
 7.320352E-02
 7.309137E-02
 7.891696E-02
 7.879624E-02
 8.171806E-02
 8.468544E-02
 8.769787E-02
 9.075482E-02
 9.714813E-02
 9.700021E-02
 1.035748E-01
 1.068514E-01
 1.066891E-01
 1.135281E-01
 1.169272E-01
 1.167500E-01
 1.238442E-01
 1.236568E-01
 1.309160E-01
 1.345085E-01
 1.381381E-01
 1.379297E-01
 1.415903E-01
 1.452869E-01
 1.490188E-01
 1.568220E-01
 1.606620E-01
 1.604207E-01
 1.684409E-01
 1.681883E-01
 1.721203E-01
 1.803477E-01
 1.800779E-01
 1.841023E-01
 1.925271E-01
 1.966447E-01
 1.963513E-01
 2.049634E-01
 2.091633E-01
 2.088520E-01
 2.176413E-01
 2.173178E-01
 2.262197E-01
 2.305452E-01
 2.348940E-01
 2.392655E-01
 2.389112E-01
 2.432988E-01
 2.477079E-01
 2.521381E-01
 2.614450E-01
 2.659411E-01
 2.704560E-01
 2.749890E-01
 2.745841E-01
 2.791283E-01
 2.836894E-01
 2.882669E-01
 2.979057E-01
 3.025354E-01
 3.020920E-01
 3.067292E-01
 3.165065E-01
 3.160436E-01
 3.207197E-01
 3.254074E-01
 3.353049E-01
 3.348159E-01
 3.447666E-01
 3.495111E-01
 3.542639E-01
 3.537488E-01
 3.585029E-01
 3.685666E-01
 3.733470E-01
 3.728057E-01
 3.829236E-01
 3.823693E-01
 3.871579E-01
 3.973198E-01
 3.967458E-01
 4.015441E-01
 4.063445E-01
 4.165493E-01
 4.213592E-01
 4.207527E-01
 4.255559E-01
 4.357858E-01
 4.405918E-01
 4.399595E-01
 4.447568E-01
 4.549940E-01
 4.597876E-01
 4.645767E-01
 4.639123E-01
 4.741393E-01
 4.789117E-01
 4.836776E-01
 4.884363E-01
 4.931874E-01
 4.979303E-01
 4.972217E-01
 5.073894E-01
 5.121047E-01
 5.168097E-01
 5.215039E-01
 5.207645E-01
 5.308582E-01
 5.301065E-01
 5.347594E-01
 5.393996E-01
 5.494154E-01
 5.540204E-01
 5.586106E-01
 5.631856E-01
 5.623921E-01
 5.722879E-01
 5.714828E-01
 5.813237E-01
 5.858154E-01
 5.902891E-01
 5.894609E-01
 5.991803E-01
 5.983408E-01
 6.079938E-01
 6.071431E-01
 6.167258E-01
 6.210602E-01
 6.253729E-01
 6.245003E-01
 6.339314E-01
 6.381765E-01
 6.423981E-01
 6.415043E-01
 6.456969E-01
 6.549182E-01
 6.540089E-01
 6.581276E-01
 6.672126E-01
 6.662882E-01
 6.703293E-01
 6.792703E-01
 6.832351E-01
 6.822911E-01
 6.910807E-01
 6.949608E-01
 6.940026E-01
 7.026335E-01
 7.016660E-01
 7.054534E-01
 7.092108E-01
 7.176193E-01
 7.166339E-01
 7.249266E-01
 7.239325E-01
 7.321064E-01
 7.311039E-01
 7.346411E-01
 7.426315E-01
 7.460733E-01
 7.494813E-01
 7.484584E-01
 7.561945E-01
 7.594992E-01
 7.584648E-01
 7.617306E-01
 7.692016E-01
 7.723644E-01
 7.713153E-01
 7.744383E-01
 7.816342E-01
 7.846504E-01
 7.876294E-01
 7.905708E-01
 7.895014E-01
 7.963399E-01
 7.991672E-01
 7.980883E-01
 8.047058E-01
 8.074167E-01
 8.100883E-01
 8.089977E-01
 8.116270E-01
 8.178655E-01
 8.203780E-01
 8.192764E-01
 8.252817E-01
 8.241750E-01
 8.265634E-01
 8.323313E-01
 8.312174E-01
 8.368249E-01
 8.390093E-01
 8.378888E-01
 8.432525E-01
 8.453110E-01
 8.473272E-01
 8.493009E-01
 8.481704E-01
 8.500998E-01
 8.549660E-01
 8.567685E-01
 8.556311E-01
 8.573889E-01
 8.591035E-01
 8.635461E-01
 8.651317E-01
 8.639870E-01
 8.655277E-01
 8.670246E-01
 8.684777E-01
 8.698868E-01
 8.737245E-01
 8.750022E-01
 8.738498E-01
 8.750823E-01
 8.785694E-01
 8.796695E-01
 8.785139E-01
 8.817360E-01
 8.827023E-01
 8.836239E-01
 8.824662E-01
 8.853329E-01
 8.861202E-01
 8.849615E-01
 8.857038E-01
 8.864013E-01
 8.888212E-01
 8.893844E-01
 8.899026E-01
 8.903761E-01
 8.908047E-01
 8.911884E-01
 8.915274E-01
 8.903692E-01
 8.920709E-01
 8.909135E-01
 8.924356E-01
 8.912792E-01
 8.913951E-01
 8.926478E-01
 8.914934E-01
 8.925666E-01
 8.924594E-01
 8.913075E-01
 8.921121E-01
 8.909621E-01
 8.907232E-01
 8.904402E-01
 8.908879E-01
 8.904721E-01
 8.893279E-01
 8.895092E-01
 8.883677E-01
 8.878223E-01
 8.877386E-01
 8.870618E-01
 8.863419E-01
 8.852081E-01
 8.847734E-01
 8.836430E-01
 8.830340E-01
 8.819074E-01
 8.809759E-01
 8.800021E-01
 8.789863E-01
 8.779456E-01
 8.768290E-01
 8.756878E-01
 8.743912E-01
 8.731238E-01
 8.718154E-01
 8.707101E-01
 8.693633E-01
 8.679759E-01
 8.661753E-01
 8.646646E-01
 8.631140E-01
 8.620239E-01
 8.604363E-01
 8.582248E-01
 8.571429E-01
 8.547697E-01
 8.529840E-01
 8.519107E-01
 8.492976E-01
 8.482303E-01
 8.463331E-01
 8.434837E-01
 8.424257E-01
 8.394210E-01
 8.373343E-01
 8.352110E-01
 8.330514E-01
 8.308558E-01
 8.298175E-01
 8.275895E-01
 8.253260E-01
 8.217177E-01
 8.193456E-01
 8.183250E-01
 8.144982E-01
 8.134849E-01
 8.095150E-01
 8.069732E-01
 8.043983E-01
 8.033999E-01
 8.007960E-01
 7.964776E-01
 7.937731E-01
 7.910369E-01
 7.882693E-01
 7.872946E-01
 7.826413E-01
 7.816748E-01
 7.788190E-01
 7.739716E-01
 7.710222E-01
 7.680436E-01
 7.650360E-01
 7.640947E-01
 7.610630E-01
 7.558433E-01
 7.549150E-01
 7.495761E-01
 7.464020E-01
 7.454870E-01
 7.422906E-01
 7.367209E-01
 7.334422E-01
 7.301382E-01
 7.292459E-01
 7.234557E-01
 7.200778E-01
 7.166760E-01
 7.158023E-01
 7.123817E-01
 7.089378E-01
 7.028366E-01
 6.993204E-01
 6.984704E-01
 6.949372E-01
 6.913826E-01
 6.850410E-01
 6.842104E-01
 6.805935E-01
 6.741160E-01
 6.733001E-01
 6.667354E-01
 6.630171E-01
 6.622161E-01
 6.555262E-01
 6.547352E-01
 6.509683E-01
 6.471844E-01
 6.433837E-01
 6.395666E-01
 6.326455E-01
 6.318849E-01
 6.280210E-01
 6.241422E-01
 6.202489E-01
 6.131553E-01
 6.124203E-01
 6.084857E-01
 6.012975E-01
 6.005780E-01
 5.933304E-01
 5.926213E-01
 5.853173E-01
 5.846186E-01
 5.772612E-01
 5.765730E-01
 5.691652E-01
 5.651032E-01
 5.610323E-01
 5.603650E-01
 5.528656E-01
 5.487704E-01
 5.481189E-01
 5.405586E-01
 5.364426E-01
 5.323205E-01
 5.316900E-01
 5.240592E-01
 5.199207E-01
 5.193060E-01
 5.151682E-01
 5.110260E-01
 5.033241E-01
 4.991661E-01
 4.985777E-01
 4.908422E-01
 4.866770E-01
 4.825101E-01
 4.819426E-01
 4.777797E-01
 4.736159E-01
 4.658336E-01
 4.652870E-01
 4.611227E-01
 4.533271E-01
 4.527961E-01
 4.449954E-01
 4.444748E-01
 4.403170E-01
 4.361617E-01
 4.320091E-01
 4.242086E-01
 4.200614E-01
 4.159184E-01
 4.117801E-01
 4.076467E-01
 4.071723E-01
 3.993962E-01
 3.952799E-01
 3.948206E-01
 3.907157E-01
 3.866174E-01
 3.825263E-01
 3.748007E-01
 3.707279E-01
 3.702987E-01
 3.626080E-01
 3.585616E-01
 3.545248E-01
 3.541153E-01
 3.464809E-01
 3.424745E-01
 3.420796E-01
 3.344947E-01
 3.341095E-01
 3.265609E-01
 3.226121E-01
 3.186758E-01
 3.147523E-01
 3.108420E-01
 3.069451E-01
 3.065930E-01
 2.991929E-01
 2.988501E-01
 2.914983E-01
 2.876734E-01
 2.838638E-01
 2.835393E-01
 2.762919E-01
 2.725301E-01
 2.687849E-01
 2.650565E-01
 2.647543E-01
 2.610475E-01
 2.573580E-01
 2.536862E-01
 2.500324E-01
 2.430559E-01
 2.427798E-01
 2.391816E-01
 2.323062E-01
 2.287620E-01
 2.252377E-01
 2.249825E-01
 2.214826E-01
 2.180030E-01
 2.145442E-01
 2.079246E-01
 2.076897E-01
 2.011482E-01
 2.009212E-01
 1.975698E-01
 1.911493E-01
 1.878615E-01
 1.845968E-01
 1.843891E-01
 1.781371E-01
 1.779369E-01
 1.717723E-01
 1.686260E-01
 1.684368E-01
 1.624067E-01
 1.622247E-01
 1.591557E-01
 1.532644E-01
 1.530930E-01
 1.500996E-01
 1.471319E-01
 1.441900E-01
 1.385390E-01
 1.356725E-01
 1.328326E-01
 1.326846E-01
 1.272335E-01
 1.244747E-01
 1.217433E-01
 1.190394E-01
 1.163632E-01
 1.137150E-01
 1.135887E-01
 1.085029E-01
 1.083825E-01
 1.034043E-01
 1.008980E-01
 9.842059E-02
 9.831169E-02
 9.586604E-02
 9.344952E-02
 8.880245E-02
 8.647151E-02
 8.637609E-02
 8.407746E-02
 8.180863E-02
 7.956973E-02
 7.736089E-02
 7.311427E-02
 7.303386E-02
 7.091591E-02
 6.684508E-02
 6.677168E-02
 6.474562E-02
 6.275039E-02
 5.891740E-02
 5.701315E-02
 5.695073E-02
 5.507981E-02
 5.148826E-02
 4.970952E-02
 4.965521E-02
 4.790999E-02
 4.619638E-02
 4.291106E-02
 4.286428E-02
 4.124592E-02
 3.814641E-02
 3.662216E-02
 3.513000E-02
 3.366995E-02
 3.363336E-02
 3.084640E-02
 2.948297E-02
 2.945099E-02
 2.812131E-02
 2.682390E-02
 2.555880E-02
 2.432604E-02
 2.312562E-02
 2.195758E-02
 1.974001E-02
 1.866800E-02
 1.864785E-02
 1.760943E-02
 1.564672E-02
 1.470454E-02
 1.379481E-02
 1.377996E-02
 1.207266E-02
 1.205967E-02
 1.048015E-02
 9.732471E-03
 9.722020E-03
 8.334125E-03
 8.325185E-03
 7.675165E-03
 6.478688E-03
 6.471750E-03
 5.918279E-03
 5.396911E-03
 4.455053E-03
 4.029245E-03
 3.635373E-03
 3.273378E-03
 2.943200E-03
 2.644775E-03
 2.641957E-03
 2.142915E-03
 2.140634E-03
 1.767229E-03
 1.626511E-03
 1.624782E-03
 1.515491E-03
 1.391876E-03
 1.375881E-03
 1.374421E-03
 1.389368E-03
 1.513251E-03
 1.620499E-03
 1.758306E-03
 1.756446E-03
 1.924528E-03
 2.122922E-03
 2.612954E-03
 2.610195E-03
 2.898843E-03
 3.569326E-03
 3.565564E-03
 4.355275E-03
 4.350689E-03
 5.258720E-03
 5.754170E-03
 5.748121E-03
 6.271992E-03
 7.413767E-03
 8.024238E-03
 8.663102E-03
 9.330206E-03
 9.320429E-03
 1.074853E-02
 1.073727E-02
 1.227795E-02
 1.308392E-02
 1.391718E-02
 1.477757E-02
 1.566490E-02
 1.657902E-02
 1.656173E-02
 1.750148E-02
 1.948032E-02
 1.946003E-02
 2.154518E-02
 2.261627E-02
 2.259275E-02
 2.368823E-02
 2.480901E-02
 2.715390E-02
 2.712573E-02
 2.832127E-02
 2.954135E-02
 3.208754E-02
 3.338133E-02
 3.334678E-02
 3.603996E-02
 3.740438E-02
 3.879192E-02
 4.020237E-02
 4.163552E-02
 4.159257E-02
 4.456905E-02
 4.606899E-02
 4.759075E-02
 4.913412E-02
 4.908356E-02
 5.064671E-02
 5.389158E-02
 5.551909E-02
 5.546207E-02
 5.883528E-02
 5.877493E-02
 6.046144E-02
 6.216770E-02
 6.570578E-02
 6.563851E-02
 6.925629E-02
 6.918546E-02
 7.288108E-02
 7.472072E-02
 7.657819E-02
 7.845326E-02
 8.034566E-02
 8.225516E-02
 8.418150E-02
 8.409575E-02
 8.603675E-02
 8.799406E-02
 8.996745E-02
 9.195665E-02
 9.607903E-02
 9.811615E-02
 1.001681E-01
 1.000665E-01
 1.021309E-01
 1.042096E-01
 1.063023E-01
 1.106406E-01
 1.105286E-01
 1.126617E-01
 1.148078E-01
 1.169666E-01
 1.214437E-01
 1.236411E-01
 1.235164E-01
 1.280705E-01
 1.303020E-01
 1.325443E-01
 1.324109E-01
 1.346615E-01
 1.393335E-01
 1.391934E-01
 1.414741E-01
 1.462103E-01
 1.460635E-01
 1.508399E-01
 1.531674E-01
 1.555030E-01
 1.578465E-01
 1.601975E-01
 1.625557E-01
 1.649210E-01
 