0.000000E+00
 1.250001E-01
 2.222227E-01
 2.812509E-01
 3.200014E-01
 5.000028E-01
 3.673490E-01
 3.828148E-01
 5.000032E-01
 4.050026E-01
 5.000030E-01
 4.201414E-01
 5.000025E-01
 4.311246E-01
 5.000017E-01
 4.394546E-01
 4.429076E-01
 4.999998E-01
 4.487533E-01
 4.512491E-01
 4.999972E-01
 4.555759E-01
 4.574634E-01
 4.999938E-01
 4.607943E-01
 4.999911E-01
 4.636406E-01
 4.999881E-01
 4.661007E-01
 4.672096E-01
 4.999830E-01
 4.692223E-01
 4.999792E-01
 4.999771E-01
 4.999750E-01
 4.725844E-01
 4.999705E-01
 4.999681E-01
 4.999657E-01
 4.752799E-01
 4.999605E-01
 4.764363E-01
 4.999550E-01
 4.774880E-01
 4.999492E-01
 4.784485E-01
 4.788981E-01
 4.793290E-01
 4.797423E-01
 4.801390E-01
 4.805201E-01
 4.808865E-01
 4.999225E-01
 4.999188E-01
 4.999150E-01
 4.822203E-01
 4.825242E-01
 4.828176E-01
 4.998990E-01
 4.998948E-01
 4.836391E-01
 4.998861E-01
 4.841427E-01
 4.843824E-01
 4.998725E-01
 4.998678E-01
 4.998630E-01
 4.852692E-01
 4.998532E-01
 4.856736E-01
 4.858670E-01
 4.860549E-01
 4.998325E-01
 4.864148E-01
 4.865872E-01
 4.998161E-01
 4.869182E-01
 4.998048E-01
 4.872316E-01
 4.873821E-01
 4.875287E-01
 4.876716E-01
 4.878107E-01
 4.879464E-01
 4.997625E-01
 4.997561E-01
 4.883335E-01
 4.884562E-01
 4.885760E-01
 4.997298E-01
 4.888071E-01
 4.997161E-01
 4.997092E-01
 4.891336E-01
 4.996950E-01
 4.996878E-01
 4.996805E-01
 4.996731E-01
 4.996657E-01
 4.897223E-01
 4.996505E-01
 4.996428E-01
 4.996350E-01
 4.900728E-01
 4.996192E-01
 4.902369E-01
 4.996030E-01
 4.995948E-01
 4.995865E-01
 4.905444E-01
 4.995697E-01
 4.906886E-01
 4.995525E-01
 4.908269E-01
 4.995350E-01
 4.909595E-01
 4.995172E-01
 4.910867E-01
 4.911483E-01
 4.912087E-01
 4.912679E-01
 4.994712E-01
 4.994617E-01
 4.914384E-01
 4.914929E-01
 4.915464E-01
 4.915987E-01
 4.916501E-01
 4.917004E-01
 4.917497E-01
 4.917980E-01
 4.918453E-01
 4.993626E-01
 4.993522E-01
 4.993418E-01
 4.920255E-01
 4.920683E-01
 4.921103E-01
 4.992991E-01
 4.992883E-01
 4.922313E-01
 4.922700E-01
 4.923080E-01
 4.923451E-01
 4.992327E-01
 4.924173E-01
 4.924523E-01
 4.924866E-01
 4.925202E-01
 4.991750E-01
 4.925853E-01
 4.991514E-01
 4.926478E-01
 4.926781E-01
 4.927078E-01
 4.927369E-01
 4.990908E-01
 4.990784E-01
 4.990660E-01
 4.928472E-01
 4.990408E-01
 4.928989E-01
 4.929239E-01
 4.929484E-01
 4.989896E-01
 4.929957E-01
 4.989634E-01
 4.930411E-01
 4.930630E-01
 4.989236E-01
 4.931053E-01
 4.931257E-01
 4.988830E-01
 4.931652E-01
 4.988555E-01
 4.988417E-01
 4.988277E-01
 4.932387E-01
 4.932559E-01
 4.987854E-01
 4.932892E-01
 4.987568E-01
 4.987424E-01
 4.987278E-01
 4.933507E-01
 4.986985E-01
 4.933791E-01
 4.933927E-01
 4.986540E-01
 4.934188E-01
 4.986239E-01
 4.934434E-01
 4.985934E-01
 4.934665E-01
 4.985626E-01
 4.985471E-01
 4.934986E-01
 4.935085E-01
 4.985001E-01
 