5.000000E-01
 5.000001E-01
 5.000002E-01
 5.000001E-01
 5.000000E-01
 6.805549E-01
 4.999995E-01
 4.999991E-01
 6.172816E-01
 4.999981E-01
 5.950375E-01
 4.999968E-01
 5.798760E-01
 4.999951E-01
 5.688811E-01
 4.999931E-01
 4.999920E-01
 5.570871E-01
 4.999895E-01
 4.999881E-01
 5.487365E-01
 4.999851E-01
 4.999835E-01
 5.425130E-01
 4.999800E-01
 5.391755E-01
 4.999762E-01
 5.363220E-01
 4.999720E-01
 4.999698E-01
 5.327412E-01
 4.999651E-01
 5.307198E-01
 5.297993E-01
 5.289318E-01
 4.999548E-01
 5.273386E-01
 5.266053E-01
 5.259099E-01
 4.999431E-01
 5.246214E-01
 4.999368E-01
 5.234531E-01
 4.999301E-01
 5.223888E-01
 4.999231E-01
 4.999195E-01
 4.999158E-01
 4.999120E-01
 4.999081E-01
 4.999042E-01
 4.999001E-01
 5.189336E-01
 5.185733E-01
 5.182260E-01
 4.998831E-01
 4.998787E-01
 4.998741E-01
 5.169530E-01
 5.166609E-01
 4.998600E-01
 5.161044E-01
 4.998502E-01
 4.998451E-01
 5.153326E-01
 5.150906E-01
 5.148556E-01
 4.998241E-01
 5.144055E-01
 4.998132E-01
 4.998075E-01
 4.998018E-01
 5.135768E-01
 4.997902E-01
 4.997842E-01
 5.130105E-01
 4.997720E-01
 5.126560E-01
 4.997595E-01
 4.997532E-01
 4.997467E-01
 4.997402E-01
 4.997336E-01
 4.997268E-01
 5.115403E-01
 5.113949E-01
 4.997062E-01
 4.996992E-01
 4.996921E-01
 5.108432E-01
 4.996776E-01
 5.105840E-01
 5.104583E-01
 4.996552E-01
 5.102140E-01
 5.100953E-01
 5.099789E-01
 5.098646E-01
 5.097523E-01
 4.996082E-01
 5.095338E-01
 5.094274E-01
 5.093228E-01
 4.995753E-01
 5.091190E-01
 4.995583E-01
 5.089218E-01
 5.088256E-01
 5.087309E-01
 4.995233E-01
 5.085460E-01
 4.995053E-01
 5.083666E-01
 4.994870E-01
 5.081925E-01
 4.994683E-01
 5.080234E-01
 4.994494E-01
 4.994397E-01
 4.994300E-01
 4.994203E-01
 5.076209E-01
 5.075436E-01
 4.993904E-01
 4.993803E-01
 4.993701E-01
 4.993598E-01
 4.993495E-01
 4.993390E-01
 4.993285E-01
 4.993179E-01
 4.993072E-01
 5.068218E-01
 5.067542E-01
 5.066874E-01
 4.992635E-01
 4.992524E-01
 4.992412E-01
 5.064274E-01
 5.063642E-01
 4.992072E-01
 4.991956E-01
 4.991840E-01
 4.991723E-01
 5.060572E-01
 4.991487E-01
 4.991368E-01
 4.991247E-01
 4.991126E-01
 5.057648E-01
 4.990882E-01
 5.056516E-01
 4.990634E-01
 4.990508E-01
 4.990382E-01
 4.990255E-01
 5.053768E-01
 5.053233E-01
 5.052701E-01
 4.989740E-01
 5.051650E-01
 4.989477E-01
 4.989344E-01
 4.989210E-01
 5.049596E-01
 4.988941E-01
 5.048591E-01
 4.988668E-01
 4.988530E-01
 5.047110E-01
 4.988253E-01
 4.988112E-01
 5.045659E-01
 4.987830E-01
 5.044707E-01
 5.044235E-01
 5.043766E-01
 4.987254E-01
 4.987108E-01
 5.042377E-01
 4.986814E-01
 5.041463E-01
 5.041011E-01
 5.040560E-01
 4.986215E-01
 5.039667E-01
 4.985911E-01
 4.985757E-01
 5.038344E-01
 4.985448E-01
 5.037472E-01
 4.985135E-01
 5.036609E-01
 4.984819E-01
 5.035754E-01
 5.035330E-01
 4.984339E-01
 4.984178E-01
 5.034067E-01
 